
------------------------------+-------------------------+-------------------------+-------------------------+-------------------------+-------------------------+-------------------------+-------------------------+-------------------------+-------------------------+-------------------------+-------------------------+-------------------------+
              RR              |       NUM_CYCLES        |   NUM_INSTRS_RETIRED    |    NUM_STALL_CYCLES     |    NUM_MEM_REQUESTS     |    NUM_MEM_RESPONSES    |  AVG_RESPONSE_LATENCY   | NUM_TTIMEDOUT_REQUESTS  |     INSTR_PER_CYCLE     |   CACHE_NUM_ACCESSES    |     CACHE_NUM_HITS      |   CACHE_HIT_RATE_PERC   |  MISSES_PER_1000_INSTR  |
------------------------------+-------------------------+-------------------------+-------------------------+-------------------------+-------------------------+-------------------------+-------------------------+-------------------------+-------------------------+-------------------------+-------------------------+-------------------------+
lavaMD_5                      |                5561431.0|               43920412.0|                  28827.0|                   5427.0|                   5427.0|                    178.0|                      0.0|                 7.897322|                 631424.0|                 192500.0|                    30.49|                     9.99|
nn_256k                       |                 116768.0|                 245760.0|                 663693.0|                  18462.0|                  18460.0|                    141.0|                      0.0|                 2.104686|                  37405.0|                  14374.0|                    38.43|                    93.71|
backprop_8192                 |                 146384.0|                 609815.0|                 534051.0|                  15320.0|                  15318.0|                    150.0|                      0.0|                 4.165858|                  64572.0|                  42561.0|                    65.91|                    36.09|
crystal_q12                   |                 512277.0|                 868352.0|                3157674.0|                  65536.0|                  65536.0|                    203.0|                      0.0|                 1.695083|                 131072.0|                  65536.0|                     50.0|                    75.47|
hotspot_r512h2i2              |                 619861.0|                3560236.0|                1341698.0|                  45056.0|                  45056.0|                    151.0|                      0.0|                 5.743604|                 665800.0|                  21692.0|                     3.26|                   180.92|
------------------------------+-------------------------+-------------------------+-------------------------+-------------------------+-------------------------+-------------------------+-------------------------+-------------------------+-------------------------+-------------------------+-------------------------+-------------------------+

------------------------------+-------------------------+-------------------------+-------------------------+-------------------------+-------------------------+-------------------------+-------------------------+-------------------------+-------------------------+-------------------------+-------------------------+-------------------------+
             GTO              |       NUM_CYCLES        |   NUM_INSTRS_RETIRED    |    NUM_STALL_CYCLES     |    NUM_MEM_REQUESTS     |    NUM_MEM_RESPONSES    |  AVG_RESPONSE_LATENCY   | NUM_TTIMEDOUT_REQUESTS  |     INSTR_PER_CYCLE     |   CACHE_NUM_ACCESSES    |     CACHE_NUM_HITS      |   CACHE_HIT_RATE_PERC   |  MISSES_PER_1000_INSTR  |
------------------------------+-------------------------+-------------------------+-------------------------+-------------------------+-------------------------+-------------------------+-------------------------+-------------------------+-------------------------+-------------------------+-------------------------+-------------------------+
lavaMD_5                      |                5566326.0|               43920412.0|                  71109.0|                   4912.0|                   4912.0|                    175.0|                      0.0|                 7.890377|                 630900.0|                 498606.0|                    79.03|                     3.01|
nn_256k                       |                 105737.0|                 245760.0|                 576007.0|                  18632.0|                  18630.0|                    140.0|                      0.0|                 2.324257|                  37499.0|                  15102.0|                    40.27|                    91.13|
backprop_8192                 |                 141162.0|                 609815.0|                 492417.0|                  16927.0|                  16925.0|                    147.0|                      0.0|                 4.319966|                  65566.0|                  42837.0|                    65.33|                    37.27|
crystal_q12                   |                 474248.0|                 868352.0|                2855964.0|                  65536.0|                  65536.0|                    203.0|                      0.0|                 1.831008|                 131072.0|                  65536.0|                     50.0|                    75.47|
hotspot_r512h2i2              |                 634062.0|                3560236.0|                1459497.0|                  41325.0|                  41325.0|                    149.0|                      0.0|                 5.614965|                 662653.0|                  14518.0|                     2.19|                   182.05|
------------------------------+-------------------------+-------------------------+-------------------------+-------------------------+-------------------------+-------------------------+-------------------------+-------------------------+-------------------------+-------------------------+-------------------------+-------------------------+

------------------------------+-------------------------+-------------------------+-------------------------+-------------------------+-------------------------+-------------------------+-------------------------+-------------------------+-------------------------+-------------------------+-------------------------+-------------------------+
             CCWS             |       NUM_CYCLES        |   NUM_INSTRS_RETIRED    |    NUM_STALL_CYCLES     |    NUM_MEM_REQUESTS     |    NUM_MEM_RESPONSES    |  AVG_RESPONSE_LATENCY   | NUM_TTIMEDOUT_REQUESTS  |     INSTR_PER_CYCLE     |   CACHE_NUM_ACCESSES    |     CACHE_NUM_HITS      |   CACHE_HIT_RATE_PERC   |  MISSES_PER_1000_INSTR  |
------------------------------+-------------------------+-------------------------+-------------------------+-------------------------+-------------------------+-------------------------+-------------------------+-------------------------+-------------------------+-------------------------+-------------------------+-------------------------+
lavaMD_5                      |                5561435.0|               43920412.0|                  29694.0|                   5423.0|                   5423.0|                    178.0|                      0.0|                 7.897316|                 631420.0|                 195598.0|                    30.98|                     9.92|
nn_256k                       |                 116768.0|                 245760.0|                 663693.0|                  18462.0|                  18460.0|                    141.0|                      0.0|                 2.104686|                  37405.0|                  14374.0|                    38.43|                    93.71|
backprop_8192                 |                 146384.0|                 609815.0|                 534051.0|                  15320.0|                  15318.0|                    150.0|                      0.0|                 4.165858|                  64572.0|                  42561.0|                    65.91|                    36.09|
crystal_q12                   |                 512277.0|                 868352.0|                3157674.0|                  65536.0|                  65536.0|                    203.0|                      0.0|                 1.695083|                 131072.0|                  65536.0|                     50.0|                    75.47|
hotspot_r512h2i2              |                 619861.0|                3560236.0|                1341698.0|                  45056.0|                  45056.0|                    151.0|                      0.0|                 5.743604|                 665800.0|                  21692.0|                     3.26|                   180.92|
------------------------------+-------------------------+-------------------------+-------------------------+-------------------------+-------------------------+-------------------------+-------------------------+-------------------------+-------------------------+-------------------------+-------------------------+-------------------------+
